agent000 000,092381 000,272073 000,188835 000,199082 000,110762 000,136867 
agent001 000,132269 000,111895 000,268088 000,142375 000,153743 000,191629 
agent002 000,149719 000,225720 000,055368 000,299702 000,160573 000,108918 
agent003 000,109020 000,078091 000,283073 000,235112 000,025424 000,269280 
agent004 000,150955 000,063477 000,143271 000,153406 000,252161 000,236730 
agent005 000,063787 000,343564 000,292504 000,272863 000,015912 000,011369 
agent006 000,096451 000,016384 000,144369 000,012925 000,261251 000,468621 
agent007 000,219949 000,153600 000,125293 000,184523 000,122221 000,194415 
agent008 000,007494 000,148240 000,394955 000,144517 000,242166 000,062627 
agent009 000,254701 000,304751 000,019260 000,118718 000,236894 000,065676 
