agent000 000,163633 000,282674 000,073131 000,147446 000,025732 000,307384 
agent001 000,334777 000,114888 000,387712 000,084233 000,037415 000,040974 
agent002 000,335377 000,334619 000,154691 000,057990 000,067126 000,050198 
agent003 000,186409 000,171022 000,183994 000,110660 000,148743 000,199172 
agent004 000,267761 000,236660 000,003322 000,242307 000,224624 000,025326 
agent005 000,275515 000,242028 000,009764 000,168255 000,139454 000,164985 
agent006 000,222827 000,232572 000,241429 000,014889 000,169484 000,118800 
agent007 000,245331 000,193930 000,098914 000,128279 000,152103 000,181442 
agent008 000,167445 000,299733 000,270984 000,077960 000,083400 000,100478 
agent009 000,279895 000,266497 000,009785 000,109972 000,118569 000,215283 
